17.73999977	60.22999954	-798.2000122
16.38999939	61.02000046	-800.2600098
15.73999977	61.99000168	-801.9899902
14.60999966	63.25	-804.9000244
13.89000034	63.77999878	-807.0300293
13.80000019	64.54000092	-809.0100098
15.35000038	65.69999695	-807.1199951
16.89999962	65.83000183	-804.8300171
18.15999985	64.83000183	-802
18.97999954	63.45999908	-799.6900024
19.86000061	61.61000061	-797.1799927
21.10000038	59.86999893	-794.6500244
22.27000046	58.97000122	-793.1500244
23.71999931	57.74000168	-791.3499756
25.57999992	55.86000061	-789.9400024
27.20000076	54.27000046	-788.8300171
28.92000008	52.22000122	-788.1699829
31.09000015	49.56999969	-787.8200073
33.11000061	47.20000076	-788.1099854
36.38000107	43.86000061	-789.3200073
33.72999954	45.47000122	-788.5100098
31.43000031	47.16999817	-787.9799805
28.07999992	47.54000092	-788.2999878
25.92000008	48.68000031	-788.6599731
23.75	49.91999817	-789.5499878
22.04999924	50.45000076	-790.5599976
20.39999962	52.99000168	-792.1400146
19.20999908	55.29999924	-793.7999878
18.23999977	57.54999924	-795.8699951
17.54000092	59.65999985	-798.0999756
16.72999954	61.86000061	-800.8300171
15.73999977	63.81000137	-803.9400024
15.06999969	64.58000183	-805.9000244
15.28999996	62.79000092	-803.3699951
15.73999977	60.29999924	-800.4899902
16.15999985	57.15000153	-798.0100098
17.02000046	54.36000061	-795.5300293
18.32999992	51.77000046	-793.6099854
19.85000038	49	-792.2800293
22.93000031	44.77000046	-790.6300049
25	43.00999832	-790.1900024
27.20999908	41.22000122	-790.2199707
24.11000061	42.54999924	-790.75
21.20999908	44.61999893	-791.789978
18.90999985	46.79000092	-793.1699829
15.15999985	51.93999863	-797.4699707
14.02999973	54.13000107	-799.4400024
12.64000034	56.33000183	-801.9699707
11.73999977	57.70000076	-804.5499878
12.51000023	55.45000076	-801.8300171
13.98999977	52.38999939	-798.960022
17.38999939	48.20000076	-794.5999756
19.81999969	46.09999847	-792.2600098
24.35000038	42.43000031	-790.6199951
29.38999939	38.86999893	-791.2999878
31.53000069	37.84999847	-791.8300171
33.18999863	37.11000061	-792.6699829
32.36000061	35.91999817	-794.9500122
28.37000084	35.68000031	-794.75
25.29999924	37.16999817	-793.7800293
23	38.29999924	-793.7600098
20.95000076	38.88999939	-794.8200073
19.03000069	40.27000046	-795.3300171
16.84000015	42.45999908	-796.4400024
14.86999989	44.83000183	-798.2600098
13.23999977	47.66999817	-800.1400146
12.10999966	50.15999985	-801.5100098
11.07999992	52.24000168	-803.4899902
10.31999969	53.56999969	-805.75
11.26000023	52.11999893	-803.0900269
12.73999977	50	-800.5100098
14.27000046	48.29999924	-798.5100098
17.14999962	45.24000168	-795.0800171
18.92000008	43.36000061	-793.8099976
19.47999954	45.36999893	-792.75
18.45999908	47.88000107	-793.3800049
17.29000092	51.34000015	-794.539978
16.23999977	54.59999847	-796.7000122
15.43000031	58.58000183	-799.7999878
15.01000023	60.13000107	-801.3099976
14.43999958	61.36000061	-803.0100098
13.81999969	62.65000153	-805.6300049
13.61999989	63.84000015	-808.1799927
13.65999985	64.61000061	-810.0700073
14.28999996	66.08000183	-811.6199951
17.20999908	70.77999878	-814.1199951
19.97999954	74.23000336	-813.9400024
21.15999985	75.13999939	-812.4400024
20.17000008	77.66999817	-811.6199951
17.69000053	81.79000092	-811.9500122
17.01000023	83.08999634	-809.539978
16.47999954	84.20999908	-807.0700073
16.19000053	85.12000275	-805.0499878
15.60000038	86.41000366	-803.3300171
15.27999973	87.51000214	-801.1099854
15.13000011	88.41999817	-798.9799805
15.22999954	89.01999664	-796.7800293
15.97999954	89.06999969	-793.9899902
16.70000076	89.68000031	-791.6900024
17.60000038	90.29000092	-789.3499756
19.26000023	90.27999878	-786.8599854
21.39999962	90.08999634	-784.3900146
23.43000031	89.45999908	-782.8699951
25.10000038	88.90000153	-781.8200073
27.46999931	88.65000153	-780.6799927
29.68000031	87.76999664	-780.1900024
32.22999954	87.65000153	-779.5
35.38999939	87.48999786	-779.1699829
39.65999985	87.44999695	-779.6500244
42.45000076	87.68000031	-780.039978
45.38000107	88.06999969	-780.8800049
43.56999969	89.13999939	-779.5499878
40.93999863	90.26000214	-778.3699951
38.00999832	90.55000305	-777.8699951
34.61999893	91.30000305	-777.4299927
32.31999969	92.09999847	-777.460022
30.12000084	92.56999969	-778.0300293
26.61000061	92.98999786	-779.2299805
23.75	93.30999756	-780.9400024
21.07999992	93.76000214	-783.0300293
19.47999954	93.98999786	-784.5499878
17.38999939	94.56999969	-787.2299805
15.55000019	95.16999817	-790.0900269
14.28999996	95.45999908	-792.4899902
13.23999977	95.55999756	-795.8599854
12.72000027	95.76000214	-797.9000244
13.35999966	95.76999664	-795.0499878
14.14000034	95.61000061	-792.7199707
16.67000008	96.16999817	-788.0100098
19.07999992	97.08999634	-784.5800171
20.37999916	97.77999878	-783.0599976
21.94000053	98.34999847	-781.75
24.15999985	98.73000336	-779.9400024
26.55999947	98.83000183	-778.6699829
31.85000038	97.98999786	-776.960022
36.40000153	97.19999695	-776.6199951
40.13999939	96.12999725	-776.9099731
42.38999939	94.84999847	-777.4500122
40.41999817	95.86000061	-776.9799805
37.29000092	98.08999634	-776.75
33.59999847	100.7600021	-777.2000122
31.42000008	102.0400009	-777.5800171
24.92000008	104.6399994	-780.8200073
22.85000038	105.0999985	-782.5300293
20.64999962	105.0699997	-784.5
17.13999939	103.8799973	-787.9400024
15.36999989	101.8899994	-789.7600098
17.14999962	102.9499969	-787.539978
20.14999962	103.6200027	-784.4799805
23.92000008	104.1100006	-781.1500244
26.26000023	104.1200027	-779.789978
32.41999817	104.2200012	-777.6900024
35.18000031	104.6999969	-777.4000244
37.77000046	104.5599976	-777.3599854
35.02999878	105.5	-777.8599854
31.43000031	106.7699966	-778.960022
29.25	107.3399963	-779.8699951
26.93000031	107.8099976	-781.0999756
22.28000069	108.75	-785.0700073
20.77000046	108.8700027	-786.7000122
17.23999977	109.0400009	-791.1099854
14.88000011	108.4499969	-793.6500244
13.5	107.0999985	-794.7999878
11.93999958	104.8499985	-796.960022
10.93000031	101.0400009	-799.7800293
10.56000042	100.3899994	-802.5599976
10.89999962	102.8600006	-800.5900269
12.34000015	103.6699982	-795.5700073
13.72999954	103.5699997	-792.6799927
15.60000038	102.6299973	-789.3699951
19.48999977	99.48999786	-784.0100098
22.28000069	98.26999664	-781.1599731
24.04999924	97.19999695	-779.8499756
21.69000053	98.16000366	-781.6099854
19.12999916	99.23999786	-784.4199829
15.56999969	100.2600021	-789.1099854
12.71000004	99.87000275	-794.4299927
11.82999992	97.80000305	-798.9299927
11.23999977	95.97000122	-802.789978
11.43000031	93.40000153	-804.3300171
12.96000004	92.63999939	-798.4699707
13.98999977	93.84999847	-792.8900146
14.93999958	93.61000061	-791.039978
13.03999996	94.37999725	-796.7000122
12.43000031	93.44000244	-800.4699707
12.55000019	90.70999908	-803.9000244
13.38000011	88.36000061	-805.2199707
15.52000046	84.08999634	-808.9099731
15.67000008	84.70999908	-805.0300293
15.26000023	86.55000305	-800.460022
15.31000042	89.12999725	-794.1199951
17.85000038	83.80999756	-800.6799927
20.62000084	80.15000153	-804.8599854
22.09000015	77.54000092	-807.7199707
19.46999931	77.29000092	-811.6900024
20.32999992	74.98999786	-812.5700073
20.43000031	72.94000244	-812.2800293
19.12000084	70.87000275	-809.1500244
18.13999939	68.08999634	-806.2399902
18.45999908	66.11000061	-803.039978
19.70000076	64.62000275	-799.8400269
21.95999908	63.77000046	-796.9099731
24.42000008	62.99000168	-794.0499878
27.65999985	61.50999832	-791.3099976
29.72999954	59.97000122	-789.8800049
33.29000092	56.36000061	-788.4799805
35.65999985	53.70000076	-788.0999756
35.77999878	50.59000015	-788.2000122
33.68000031	48.36000061	-788.4500122
27.87999916	50.20999908	-788.5800171
22.30999947	52.50999832	-790.5
17.18000031	55.43000031	-795.5800171
15.35999966	57.08000183	-798.5300293
13.30000019	59.58000183	-802.710022
15.14000034	58.38000107	-799.7199707
17.62000084	56.70000076	-795.6799927
21.17000008	53.81000137	-791.5200195
25.85000038	49.31999969	-788.8900146
27.85000038	48.02000046	-788.6400146
24.97999954	48.59999847	-789.2700195
18.37000084	53.06999969	-793.5
14.64999962	55.63999939	-798.710022
11.97999954	57.83000183	-803.5
13.93000031	54.75999832	-799.3300171
16.44000053	51.20000076	-795.2299805
20.61000061	48.00999832	-791.3099976
26.04999924	44.45999908	-789.539978
30.76000023	42.38000107	-789.6199951
33.95999908	40.02000046	-790.8900146
35	38.61000061	-792.0100098
28.95000076	39.5	-790.8599854
22.36000061	40.77000046	-792.25
16.18000031	43.90000153	-796.2399902
12.14999962	48.18999863	-801.1099854
9.319999695	51.52999878	-807.6599731
11.93000031	48.49000168	-801.4099731
14.40999985	44.41999817	-798.5
16.10000038	41.70999908	-797.4699707
12.28999996	44.36999893	-802.2299805
10.10000038	47.56000137	-805.5300293
9.260000229	51.22999954	-810.7600098
9.340000153	54.79999924	-813.6799927
10.27000046	59.25	-816.6799927
11.22999954	62.18000031	-816.8499756
13.27999973	66.12000275	-817.4799805
14.93000031	68.83999634	-818.1400146
16.02000046	70.62999725	-818.1300049
17.62000084	73.44000244	-818.289978
18.43000031	75.55000305	-817.8400269
18.37999916	78.62999725	-817.3699951
17.81999969	80.69999695	-816.460022
16.54999924	82.97000122	-815.2299805
15.14999962	84.69999695	-812.1199951
14.68000031	85.38999939	-809.960022
14.22000027	86.45999908	-808.210022
13.69999981	84.80000305	-807
12.38000011	83.54000092	-805.4099731
9.140000343	82.01999664	-803.0900269